[gd_scene load_steps=12 format=3 uid="uid://ww1vaefxc4pc"]

[ext_resource type="PackedScene" uid="uid://cf0ehsc1gqtss" path="res://assets/char/player.glb" id="1_v0wbq"]
[ext_resource type="Script" uid="uid://vhquldc4a7hi" path="res://skeleton_3d.gd" id="2_iyp34"]

[sub_resource type="CapsuleShape3D" id="CapsuleShape3D_iyp34"]
radius = 0.187355
height = 1.87355

[sub_resource type="CapsuleShape3D" id="CapsuleShape3D_4lalj"]
radius = 0.0724705
height = 0.724705

[sub_resource type="CapsuleShape3D" id="CapsuleShape3D_kctm3"]
radius = 0.101473
height = 1.01473

[sub_resource type="CapsuleShape3D" id="CapsuleShape3D_d1y1e"]
radius = 0.0746464
height = 0.746464

[sub_resource type="CapsuleShape3D" id="CapsuleShape3D_q41k5"]
radius = 0.109204
height = 1.09204

[sub_resource type="CapsuleShape3D" id="CapsuleShape3D_capu3"]
radius = 0.0388752
height = 0.388752

[sub_resource type="CapsuleShape3D" id="CapsuleShape3D_bi168"]
radius = 0.170396
height = 1.70396

[sub_resource type="CapsuleShape3D" id="CapsuleShape3D_0xe7r"]
radius = 0.0391562
height = 0.391562

[sub_resource type="CapsuleShape3D" id="CapsuleShape3D_eqw3g"]
radius = 0.170956
height = 1.70956

[node name="player" instance=ExtResource("1_v0wbq")]

[node name="Skeleton3D" parent="Armature" index="0"]
script = ExtResource("2_iyp34")

[node name="Cube" parent="Armature/Skeleton3D" index="0"]
visible = false

[node name="PhysicalBoneSimulator3D" type="PhysicalBoneSimulator3D" parent="Armature/Skeleton3D" index="1"]

[node name="Physical Bone Bone" type="PhysicalBone3D" parent="Armature/Skeleton3D/PhysicalBoneSimulator3D" index="0"]
transform = Transform3D(1, -4.91186e-19, 1.97622e-09, 1.97622e-09, 5.98532e-08, -1, -1.17792e-16, 1, 5.98532e-08, -0.0326604, 4.34909, -0.0057102)
collision_layer = 2
collision_mask = 2
joint_offset = Transform3D(1, 0, 0, 0, 1, 0, 0, 0, 1, -1.85127e-09, -2.32834e-10, 0.936775)
body_offset = Transform3D(1, -4.91186e-19, 1.97622e-09, 1.97622e-09, 2.48548e-10, -1, 0, 1, 2.48548e-10, 0, 0.936775, 0)
bone_name = "Bone"

[node name="CollisionShape3D" type="CollisionShape3D" parent="Armature/Skeleton3D/PhysicalBoneSimulator3D/Physical Bone Bone" index="0"]
transform = Transform3D(1, 0, 0, 0, 0, 1, 0, -1, 0, 0, 0, 0)
shape = SubResource("CapsuleShape3D_iyp34")

[node name="Physical Bone Bone_001" type="PhysicalBone3D" parent="Armature/Skeleton3D/PhysicalBoneSimulator3D" index="1"]
transform = Transform3D(1, 5.50263e-15, 5.14024e-09, -2.01421e-10, 0.999232, 0.039184, -5.13629e-09, -0.039184, 0.999232, -0.0326604, 5.27187, -0.36778)
collision_layer = 2
collision_mask = 2
joint_type = 1
joint_offset = Transform3D(1, 0, 0, 0, 1, 0, 0, 0, 1, -1.86251e-09, -0.000202082, 0.36234)
body_offset = Transform3D(1, 5.50288e-15, 5.14024e-09, 5.14024e-09, -1.58325e-06, -1, 2.63678e-15, 1, -1.58325e-06, 0, 0.36234, 0.000202656)
bone_name = "Bone.001"
joint_constraints/bias = 0.3
joint_constraints/damping = 1.0
joint_constraints/impulse_clamp = 0.0

[node name="CollisionShape3D" type="CollisionShape3D" parent="Armature/Skeleton3D/PhysicalBoneSimulator3D/Physical Bone Bone_001" index="0"]
transform = Transform3D(1, 0, 0, 0, 0, 1, 0, -1, 0, 0, 0, 0)
shape = SubResource("CapsuleShape3D_4lalj")

[node name="Physical Bone Bone_002" type="PhysicalBone3D" parent="Armature/Skeleton3D/PhysicalBoneSimulator3D" index="2"]
transform = Transform3D(1, -8.13528e-17, -3.48747e-16, 2.97067e-16, 0.732295, 0.680988, 1.99985e-16, -0.680988, 0.732295, -0.0326604, 4.91196, -1.1014)
collision_layer = 2
collision_mask = 2
joint_type = 1
joint_offset = Transform3D(1, 0, 0, 0, 1, 0, 0, 0, 1, 1.76942e-16, -4.31475e-07, 0.507364)
body_offset = Transform3D(1, 4.1359e-22, -3.48747e-16, -3.48747e-16, -5.96046e-08, -1, -4.36751e-22, 1, -8.9407e-08, 0, 0.507364, 4.76837e-07)
bone_name = "Bone.002"
joint_constraints/bias = 0.3
joint_constraints/damping = 1.0
joint_constraints/impulse_clamp = 0.0

[node name="CollisionShape3D" type="CollisionShape3D" parent="Armature/Skeleton3D/PhysicalBoneSimulator3D/Physical Bone Bone_002" index="0"]
transform = Transform3D(1, 0, 0, 0, 0, 1, 0, -1, 0, 0, 0, 0)
shape = SubResource("CapsuleShape3D_kctm3")

[node name="Physical Bone Bone_004" type="PhysicalBone3D" parent="Armature/Skeleton3D/PhysicalBoneSimulator3D" index="3"]
transform = Transform3D(1, 5.79611e-15, -4.99055e-09, 4.74649e-10, -0.995467, 0.0951085, -4.96793e-09, -0.0951085, -0.995467, -0.0326604, 5.25036, 0.36583)
collision_layer = 2
collision_mask = 2
joint_type = 1
joint_offset = Transform3D(1, 0, 0, 0, 1, 0, 0, 0, 1, 1.86264e-09, -1.43385e-05, 0.373233)
body_offset = Transform3D(1, 6.68299e-15, -4.99055e-09, -4.99055e-09, 9.68575e-08, -1, -6.16174e-15, 1, 8.9407e-08, 0, 0.373233, 1.43051e-05)
bone_name = "Bone.004"
joint_constraints/bias = 0.3
joint_constraints/damping = 1.0
joint_constraints/impulse_clamp = 0.0

[node name="CollisionShape3D" type="CollisionShape3D" parent="Armature/Skeleton3D/PhysicalBoneSimulator3D/Physical Bone Bone_004" index="0"]
transform = Transform3D(1, 0, 0, 0, 0, 1, 0, -1, 0, 0, 0, 0)
shape = SubResource("CapsuleShape3D_d1y1e")

[node name="Physical Bone Bone_005" type="PhysicalBone3D" parent="Armature/Skeleton3D/PhysicalBoneSimulator3D" index="4"]
transform = Transform3D(1, 2.45619e-07, -6.94435e-10, 1.8144e-07, -0.736794, 0.676117, 1.65556e-07, -0.676117, -0.736794, -0.0326604, 4.8457, 1.13967)
collision_layer = 2
collision_mask = 2
joint_type = 1
joint_offset = Transform3D(1, 0, 0, 0, 1, 0, 0, 0, 1, 3.79172e-10, -2.69418e-24, 0.546021)
body_offset = Transform3D(1, 4.26326e-14, -6.94428e-10, -6.94413e-10, 0, -1, 7.10543e-15, 1, 0, 0, 0.546021, 0)
bone_name = "Bone.005"
joint_constraints/bias = 0.3
joint_constraints/damping = 1.0
joint_constraints/impulse_clamp = 0.0

[node name="CollisionShape3D" type="CollisionShape3D" parent="Armature/Skeleton3D/PhysicalBoneSimulator3D/Physical Bone Bone_005" index="0"]
transform = Transform3D(1, 0, 0, 0, 0, 1, 0, -1, 0, 0, 0, 0)
shape = SubResource("CapsuleShape3D_q41k5")

[node name="Physical Bone Bone_007" type="PhysicalBone3D" parent="Armature/Skeleton3D/PhysicalBoneSimulator3D" index="5"]
transform = Transform3D(1, 1.58603e-15, 9.58272e-09, -4.06006e-09, 0.90581, 0.423685, -8.68012e-09, -0.423685, 0.90581, -0.0326604, 3.32997, -0.181778)
collision_layer = 2
collision_mask = 2
joint_offset = Transform3D(1, 0, 0, 0, 1, 0, 0, 0, 1, 1.86264e-09, -4.4208e-07, 0.194376)
body_offset = Transform3D(1, 1.61702e-15, 9.58272e-09, 9.58272e-09, -1.78814e-07, -1, 0, 1, -1.78814e-07, -3.72529e-09, 0.194376, 4.76837e-07)
bone_name = "Bone.007"

[node name="CollisionShape3D" type="CollisionShape3D" parent="Armature/Skeleton3D/PhysicalBoneSimulator3D/Physical Bone Bone_007" index="0"]
transform = Transform3D(1, 0, 0, 0, 0, 1, 0, -1, 0, 0, 0, 0)
shape = SubResource("CapsuleShape3D_capu3")

[node name="Physical Bone Bone_008" type="PhysicalBone3D" parent="Armature/Skeleton3D/PhysicalBoneSimulator3D" index="6"]
transform = Transform3D(1, -2.99178e-16, -5.70105e-17, 5.40164e-17, -0.00999814, 0.99995, -2.99733e-16, -0.99995, -0.00999814, -0.0326604, 2.3956, -0.349322)
collision_layer = 2
collision_mask = 2
joint_type = 1
joint_offset = Transform3D(1, 0, 0, 0, 1, 0, 0, 0, 1, 4.85765e-17, 4.33366e-06, 0.852057)
body_offset = Transform3D(1, -1.05879e-22, -5.70109e-17, -5.70109e-17, -1.49477e-06, -1, 0, 1, -1.55345e-06, 0, 0.852057, -3.01003e-06)
bone_name = "Bone.008"
joint_constraints/bias = 0.3
joint_constraints/damping = 1.0
joint_constraints/impulse_clamp = 0.0

[node name="CollisionShape3D" type="CollisionShape3D" parent="Armature/Skeleton3D/PhysicalBoneSimulator3D/Physical Bone Bone_008" index="0"]
transform = Transform3D(1, 0, 0, 0, 0, 1, 0, -1, 0, 0, 0, 0)
shape = SubResource("CapsuleShape3D_bi168")

[node name="Physical Bone Bone_010" type="PhysicalBone3D" parent="Armature/Skeleton3D/PhysicalBoneSimulator3D" index="7"]
transform = Transform3D(-1, -6.27833e-07, 8.27228e-09, -5.70361e-07, 0.913812, 0.406139, -2.62547e-07, 0.406139, -0.913812, -0.032864, 3.33281, 0.173197)
collision_layer = 2
collision_mask = 2
joint_offset = Transform3D(1, 0, 0, 0, 1, 0, 0, 0, 1, -0.000203693, -5.64358e-07, 0.195781)
body_offset = Transform3D(1, 4.26326e-14, -8.27244e-09, -8.27249e-09, 5.36442e-07, -1, 1.42109e-14, 1, 4.47035e-07, 0.000203695, 0.195781, 4.76837e-07)
bone_name = "Bone.010"

[node name="CollisionShape3D" type="CollisionShape3D" parent="Armature/Skeleton3D/PhysicalBoneSimulator3D/Physical Bone Bone_010" index="0"]
transform = Transform3D(1, 0, 0, 0, 0, 1, 0, -1, 0, 0, 0, 0)
shape = SubResource("CapsuleShape3D_0xe7r")

[node name="Physical Bone Bone_011" type="PhysicalBone3D" parent="Armature/Skeleton3D/PhysicalBoneSimulator3D" index="8"]
transform = Transform3D(-1, -6.38769e-07, 1.35655e-09, 1.35657e-09, -2.69806e-08, 1, -6.38769e-07, 1, 2.69806e-08, -0.0326604, 2.39851, 0.352104)
collision_layer = 2
collision_mask = 2
joint_type = 1
joint_offset = Transform3D(1, 0, 0, 0, 1, 0, 0, 0, 1, 1.15957e-09, -2.30625e-08, 0.854779)
body_offset = Transform3D(1, 5.68434e-14, -1.35657e-09, -1.35657e-09, -2.82175e-09, -1, 0, 1, 2.69806e-08, 0, 0.854779, 0)
bone_name = "Bone.011"
joint_constraints/bias = 0.3
joint_constraints/damping = 1.0
joint_constraints/impulse_clamp = 0.0

[node name="CollisionShape3D" type="CollisionShape3D" parent="Armature/Skeleton3D/PhysicalBoneSimulator3D/Physical Bone Bone_011" index="0"]
transform = Transform3D(1, 0, 0, 0, 0, 1, 0, -1, 0, 0, 0, 0)
shape = SubResource("CapsuleShape3D_eqw3g")
